240948.685984
241458.428915
241968.944768
242480.231573
242992.287332
243505.110017
244018.697571
244533.047909
245048.158915
245564.028442
246080.654317
246598.034334
247116.166257
247635.047820
248154.676727
248675.050652
249196.167236
249718.024090
250240.618796
250763.948902
251288.011924
251812.805350
252338.326634
252864.573197
253391.542430
253919.231691
254447.638306
254976.759567
255506.592736
256037.135040
256568.383674
257100.335799
257632.988545
258166.339005
258700.384241
259235.121281
259770.547118
260306.658713
260843.452991
261380.926843
261919.077125
262457.900661
262997.394238
263537.554607
264078.378487
264619.862559
265162.003471
265704.797834
266248.242223
266792.333178
267337.067204
267882.440767
268428.450301
268975.092200
269522.362824
270070.258493
270618.775494
271167.910075
271717.658448
272268.016786
272818.981227
273370.547871
273922.712778
274475.471973
275028.821442
275582.757134
276137.274958
276692.370787
277248.040453
277804.279752
278361.084440
278918.450235
279476.372814
280034.847818
280593.870847
281153.437462
281713.543185
282274.183498
282835.353844
283397.049625
283959.266205
284521.998907
285085.243012
285648.993765
286213.246368
286777.995981
287343.237728
287908.966688
288475.177902
289041.866368
289609.027045
290176.654850
290744.744659
291313.291306
291882.289585
292451.734248
293021.620004
293591.941523
294162.693431
294733.870314
295305.466714
295877.477132
296449.896027
297022.717817
297595.936876
298169.547536
298743.544086
299317.920775
299892.671806
300467.791342
301043.273502
301619.112362
302195.301957
302771.836277
303348.709269
303925.914839
304503.446848
305081.299115
305659.465414
306237.939477
306816.714994
307395.785609
307975.144924
308554.786497
309134.703844
309714.890434
310295.339697
310876.045016
311456.999731
312038.197138
312619.630491
313201.292999
313783.177827
314365.278097
314947.586885
315530.097227
316112.802111
316695.694484
317278.767249
317862.013262
318445.425340
319028.996252
319612.718724
320196.585440
320780.589038
321364.722114
321948.977217
322533.346855
323117.823491
323702.399545
324287.067392
324871.819365
325456.647750
326041.544792
326626.502693
327211.513608
327796.569652
328381.662893
328966.785358
329551.929030
330137.085847
330722.247706
331307.406458
331892.553914
332477.681839
333062.781956
333647.845944
334232.865441
334817.832039
335402.737291
335987.572704
336572.329743
337156.999832
337741.574350
338326.044635
338910.401984
339494.637650
340078.742843
340662.708733
341246.526447
341830.187071
342413.681649
342997.001183
343580.136634
344163.078921
344745.818924
345328.347480
345910.655384
346492.733394
347074.572225
347656.162550
348237.495006
348818.560186
349399.348645
349979.850897
350560.057417
351139.958642
351719.544967
352298.806750
352877.734309
353456.317924
354034.547835
354612.414245
355189.907319
355767.017184
356343.733928
356920.047603
357495.948223
358071.425764
358646.470167
359221.071336
359795.219137
360368.903401
360942.113924
361514.840464
362087.072746
362658.800458
363230.013253
363800.700751
364370.852537
364940.458160
365509.507138
366077.988953
366645.893054
367213.208859
367779.925752
368346.033083
368911.520171
369476.376305
370040.590740
370604.152699
371167.051378
371729.275938
372290.815512
372851.659203
373411.796084
373971.215197
374529.905559
375087.856154
375645.055940
376201.493847
376757.158776
377312.039603
377866.125176
378419.404315
378971.865816
379523.498448
380074.290955
380624.232057
381173.310446
381721.514794
382268.833747
382815.255926
383360.769932
383905.364342
384449.027710
384991.748570
385533.515432
386074.316788
386614.141106
387152.976838
387690.812412
388227.636240
388763.436713
389298.202205
389831.921072
390364.581652
390896.172266
391426.681218
391956.096798
392484.407277
393011.600913
393537.665950
394062.590616
394586.363126
395108.971682
395630.404474
396150.649677
396669.695458
397187.529970
397704.141357
398219.517750
398733.647274
399246.518042
399758.118160
400268.435726
400777.458827
401285.175548
401791.573964
402296.642145
402800.368156
403302.740055
403803.745898
404303.373737
404801.611619
405298.447590
405793.869693
406287.865969
406780.424460
407271.533204
407761.180242
408249.353615
408736.041366
409221.231537
409704.912176
410187.071333
410667.697059
411146.777412
411624.300455
412100.254254
412574.626884
413047.406425
413518.580963
413988.138594
414456.067421
414922.355557
415386.991124
415849.962255
416311.257094
416770.863794
417228.770524
417684.965464
418139.436805
418592.172757
419043.161541
419492.391394
419939.850570
420385.527339
420829.409987
421271.486820
421711.746161
422150.176353
422586.765758
423021.502759
423454.375761
423885.373189
424314.483492
424741.695140
425166.996629
425590.376478
426011.823232
426431.325460
426848.871760
427264.450754
427678.051094
428089.661460
428499.270560
428906.867132
429312.439945
429715.977798
430117.469523
430516.903983
430914.270076
431309.556730
431702.752911
432093.847618
432482.829887
432869.688788
433254.413432
433636.992963
434017.416567
434395.673468
434771.752927
435145.644250
435517.336780
435886.819905
436254.083052
436619.115693
436981.907344
437342.447563
437700.725957
438056.732174
438410.455912
438761.886914
439111.014971
439457.829922
439802.321657
440144.480111
440484.295275
440821.757187
441156.855937
441489.581668
441819.924576
442147.874910
442473.422973
442796.559123
443117.273773
443435.557393
443751.400508
444064.793702
444375.727616
444684.192951
444990.180464
445293.680975
445594.685362
445893.184567
446189.169590
446482.631497
446773.561413
447061.950530
447347.790101
447631.071447
447911.785951
448189.925064
448465.480303
448738.443251
449008.805561
449276.558951
449541.695209
449804.206195
450064.083835
450321.320128
450575.907142
450827.837020
451077.101972
451323.694286
451567.606321
451808.830508
452047.359355
452283.185443
452516.301431
452746.700051
452974.374113
453199.316503
453421.520185
453640.978201
453857.683671
454071.629796
454282.809853
454491.217201
454696.845279
454899.687607
455099.737786
455296.989500
455491.436514
455683.072675
455871.891915
456057.888249
456241.055776
456421.388679
456598.881226
456773.527771
456945.322753
457114.260698
457280.336218
457443.544011
457603.878864
457761.335651
457915.909335
458067.594965
458216.387681
458362.282712
458505.275376
458645.361082
458782.535327
458916.793700
459048.131882
459176.545644
459302.030848
459424.583448
459544.199492
459660.875119
459774.606560
459885.390140
459993.222279
460098.099486
460200.018369
460298.975627
460394.968053
460487.992537
460578.046063
460665.125708
460749.228646
460830.352147
460908.493576
460983.650393
461055.820156
461125.000518
461191.189228
461254.384133
461314.583175
461371.784395
461425.985930
461477.186013
461525.382977
461570.575251
461612.761361
461651.939932
461688.109686
461721.269442
461751.418121
461778.554736
461802.678404
461823.788336
461841.883844
461856.964337
461869.029322
461878.078405
461884.111292
461887.127784
461887.127784
461884.111292
461878.078405
461869.029322
461856.964337
461841.883844
461823.788336
461802.678404
461778.554736
461751.418121
461721.269442
461688.109686
461651.939932
461612.761361
461570.575251
461525.382977
461477.186013
461425.985930
461371.784395
461314.583175
461254.384133
461191.189228
461125.000518
461055.820156
460983.650393
460908.493576
460830.352147
460749.228646
460665.125708
460578.046063
460487.992537
460394.968053
460298.975627
460200.018369
460098.099486
459993.222279
459885.390140
459774.606560
459660.875119
459544.199492
459424.583448
459302.030848
459176.545644
459048.131882
458916.793700
458782.535327
458645.361082
458505.275376
458362.282712
458216.387681
458067.594965
457915.909335
457761.335651
457603.878864
457443.544011
457280.336218
457114.260698
456945.322753
456773.527771
456598.881226
456421.388679
456241.055776
456057.888249
455871.891915
455683.072675
455491.436514
455296.989500
455099.737786
454899.687607
454696.845279
454491.217201
454282.809853
454071.629796
453857.683671
453640.978201
453421.520185
453199.316503
452974.374113
452746.700051
452516.301431
452283.185443
452047.359355
451808.830508
451567.606321
451323.694286
451077.101972
450827.837020
450575.907142
450321.320128
450064.083835
449804.206195
449541.695209
449276.558951
449008.805561
448738.443251
448465.480303
448189.925064
447911.785951
447631.071447
447347.790101
447061.950530
446773.561413
446482.631497
446189.169590
445893.184567
445594.685362
445293.680975
444990.180464
444684.192951
444375.727616
444064.793702
443751.400508
443435.557393
443117.273773
442796.559123
442473.422973
442147.874910
441819.924576
441489.581668
441156.855937
440821.757187
440484.295275
440144.480111
439802.321657
439457.829922
439111.014971
438761.886914
438410.455912
438056.732174
437700.725957
437342.447563
436981.907344
436619.115693
436254.083052
435886.819905
435517.336780
435145.644250
434771.752927
434395.673468
434017.416567
433636.992963
433254.413432
432869.688788
432482.829887
432093.847618
431702.752911
431309.556730
430914.270076
430516.903983
430117.469523
429715.977798
429312.439945
428906.867132
428499.270560
428089.661460
427678.051094
427264.450754
426848.871760
426431.325460
426011.823232
425590.376478
425166.996629
424741.695140
424314.483492
423885.373189
423454.375761
423021.502759
422586.765758
422150.176353
421711.746161
421271.486820
420829.409987
420385.527339
419939.850570
419492.391394
419043.161541
418592.172757
418139.436805
417684.965464
417228.770524
416770.863794
416311.257094
415849.962255
415386.991124
414922.355557
414456.067421
413988.138594
413518.580963
413047.406425
412574.626884
412100.254254
411624.300455
411146.777412
410667.697059
410187.071333
409704.912176
409221.231537
408736.041366
408249.353615
407761.180242
407271.533204
406780.424460
406287.865969
405793.869693
405298.447590
404801.611619
404303.373737
403803.745898
403302.740055
402800.368156
402296.642145
401791.573964
401285.175548
400777.458827
400268.435726
399758.118160
399246.518042
398733.647274
398219.517750
397704.141357
397187.529970
396669.695458
396150.649677
395630.404474
395108.971682
394586.363126
394062.590616
393537.665950
393011.600913
392484.407277
391956.096798
391426.681218
390896.172266
390364.581652
389831.921072
389298.202205
388763.436713
388227.636240
387690.812412
387152.976838
386614.141106
386074.316788
385533.515432
384991.748570
384449.027710
383905.364342
383360.769932
382815.255926
382268.833747
381721.514794
381173.310446
380624.232057
380074.290955
379523.498448
378971.865816
378419.404315
377866.125176
377312.039603
376757.158776
376201.493847
375645.055940
375087.856154
374529.905559
373971.215197
373411.796084
372851.659203
372290.815512
371729.275938
371167.051378
370604.152699
370040.590740
369476.376305
368911.520171
368346.033083
367779.925752
367213.208859
366645.893054
366077.988953
365509.507138
364940.458160
364370.852537
363800.700751
363230.013253
362658.800458
362087.072746
361514.840464
360942.113924
360368.903401
359795.219137
359221.071336
358646.470167
358071.425764
357495.948223
356920.047603
356343.733928
355767.017184
355189.907319
354612.414245
354034.547835
353456.317924
352877.734309
352298.806750
351719.544967
351139.958642
350560.057417
349979.850897
349399.348645
348818.560186
348237.495006
347656.162550
347074.572225
346492.733394
345910.655384
345328.347480
344745.818924
344163.078921
343580.136634
342997.001183
342413.681649
341830.187071
341246.526447
340662.708733
340078.742843
339494.637650
338910.401984
338326.044635
337741.574350
337156.999832
336572.329743
335987.572704
335402.737291
334817.832039
334232.865441
333647.845944
333062.781956
332477.681839
331892.553914
331307.406458
330722.247706
330137.085847
329551.929030
328966.785358
328381.662893
327796.569652
327211.513608
326626.502693
326041.544792
325456.647750
324871.819365
324287.067392
323702.399545
323117.823491
322533.346855
321948.977217
321364.722114
320780.589038
320196.585440
319612.718724
319028.996252
318445.425340
317862.013262
317278.767249
316695.694484
316112.802111
315530.097227
314947.586885
314365.278097
313783.177827
313201.292999
312619.630491
312038.197138
311456.999731
310876.045016
310295.339697
309714.890434
309134.703844
308554.786497
307975.144924
307395.785609
306816.714994
306237.939477
305659.465414
305081.299115
304503.446848
303925.914839
303348.709269
302771.836277
302195.301957
301619.112362
301043.273502
300467.791342
299892.671806
299317.920775
298743.544086
298169.547536
297595.936876
297022.717817
296449.896027
295877.477132
295305.466714
294733.870314
294162.693431
293591.941523
293021.620004
292451.734248
291882.289585
291313.291306
290744.744659
290176.654850
289609.027045
289041.866368
288475.177902
287908.966688
287343.237728
286777.995981
286213.246368
285648.993765
285085.243012
284521.998907
283959.266205
283397.049625
282835.353844
282274.183498
281713.543185
281153.437462
280593.870847
280034.847818
279476.372814
278918.450235
278361.084440
277804.279752
277248.040453
276692.370787
276137.274958
275582.757134
275028.821442
274475.471973
273922.712778
273370.547871
272818.981227
272268.016786
271717.658448
271167.910075
270618.775494
270070.258493
269522.362824
268975.092200
268428.450301
267882.440767
267337.067204
266792.333178
266248.242223
265704.797834
265162.003471
264619.862559
264078.378487
263537.554607
262997.394238
262457.900661
261919.077125
261380.926843
260843.452991
260306.658713
259770.547118
259235.121281
258700.384241
258166.339005
257632.988545
257100.335799
256568.383674
256037.135040
255506.592736
254976.759567
254447.638306
253919.231691
253391.542430
252864.573197
252338.326634
251812.805350
251288.011924
250763.948902
250240.618796
249718.024090
249196.167236
248675.050652
248154.676727
247635.047820
247116.166257
246598.034334
246080.654317
245564.028442
245048.158915
244533.047909
244018.697571
243505.110017
242992.287332
242480.231573
241968.944768
241458.428915
240948.685984