69243.237685098647489
58000.625183138909051
46561.342635062690533
35255.700046878715511
24370.539931321265612
14146.792217720052577
4778.569855787756751
-3586.383228126819176
-10845.054199792031795
-16936.514843229459075
-21838.474213328612677
-25563.211546570961218
-28153.078341308722884
-29675.709250691557827
-30219.188147930395644
-29887.195214892482909
-28794.343156545226520
-27061.810504262066388
-24813.275480034339125
-22171.309281745874614
-19254.225511985368939
-16173.419499027086204
-13031.241904704098488
-9919.278849324216935
-6917.307417492012064
-4092.485400097627462
-1499.119225822352064
821.240089588294836
2839.378472388292266
4537.709454259008453
5909.340204324837032
6956.965309250291284
7691.637702272258139
8131.456300484822350
8300.257602285868415
8226.228685662897988
7940.686160160487816
7476.825291406254109
6868.610011016397948
6149.773252820969901
5352.936283473874028
4508.874996393501533
3645.911367727089782
2789.455371664173526
1961.671276697981284
1181.282645945873810
463.478275892643921
-180.062998423560089
-741.063232072812752
-1214.455965131043740
-1598.134537156038732
-1892.650816049187370
-2100.879561148521589
-2227.660747401411754
-2279.432739126166325
-2263.865809269364036
-2189.509695928055407
-2065.456632008235374
-1901.032391754850096
-1705.518733698416099
-1487.909712661948561
-1256.705228814324528
-1019.743173622576478
-784.069204112780540
-555.843551339766577
-340.282970522194148
-141.634757090747797
36.819852771970567
192.737137564973125
324.660311073354819
431.951569545092070
514.710240666639947
573.681063990617190
610.156402658901015
625.875316761192721
622.923239457489331
603.633850238040850
570.497207547231028
526.073532048788252
472.916375605851329
413.504884109850991
350.186573146281319
285.130072570540392
220.288794941222505
157.374368449833952
97.840042059535307
42.872607688385742
-6.602713810978338
-49.929984673849553
-86.685030257918498
-116.678836706049978
-139.923849929981714
-156.611706311225049
-167.087291346115052
-171.820054580696876
-171.376678032572869
-166.394122883176578
-157.554132906005805
-145.559360698057930
-131.112284702836689
-114.896184097217997
-97.559266350347613
-79.701529372618850
-61.864401727156149
-44.523451338473841
-28.083234125289582
-12.876028734137819
0.839386985306788
12.876605639506121
23.115003607546189
31.497444118678189
38.023518218633242
42.742497527719891
45.746127165492148
47.161111219780629
47.141353894175282
45.860631579943394
43.505554143985194
40.268990845305453
36.344091714518221
31.919218818977274
27.173266501249756
22.272263598703496
17.366227841225410
12.587262449367017
8.048051796690858
3.841306111491193
0.039940124003078
-3.303804244805524
-6.155075728086640
-8.497084412727313
-10.328546004893903
-11.662042725692613
-12.521970831537539
-12.942479036408320
-12.965366166873672
-12.638025469896046
-12.011529820650775
-11.138805568953863
-10.072939844728410
-8.865866326953729
-7.566960467900323
-6.222129399421937
-4.872953403392021
-3.556119912926356
-2.302996411053940
-1.139497809164734
-0.085999571198653
0.842626912337170
1.636511315337864
2.290670475052611
2.804438779223436
3.181014441801280
3.426862779088821
3.551185891561836
3.565326857332812
3.482213376360861
3.315817139760722
3.080655368863994
2.791333683739740
2.462146344373534
2.106729206806654
1.737775105927965
1.366806309908126
1.004006972569070
0.658114538499124
0.336356592870292
0.044438776234337
-0.213411689204787
-0.434408278653373
-0.617076488457116
-0.761146531822768
-0.867420573127314
-0.937614882840222
-0.974204877835962
-0.980269062510147
-0.959330667460438
-0.915211659289263
-0.851893850706890
-0.773392656952494
-0.683645265666226
-0.586414952796453
-0.485211143860184
-0.383225864269124
-0.283286203851153
-0.187824253749661
-0.098856191511910
-0.017983396169765
0.053602718155378
0.115111197857221
0.166104779991273
0.206489534890427
0.236463296063542
0.256480454937307
0.267206920409507
0.269477284341984
0.264251657055288
0.252575417997367
0.235540493691587
0.214250516626325
0.189789859526638
0.163196959192185
0.135441955316333
0.107409041792201
0.079882937225099
0.053540280385345
0.028943436903558
0.006542588458670
-0.013329210031863
-0.030444210079792
-0.044676079550991
-0.055992357603543
-0.064441331442403
-0.070143058887049
-0.073276464330058
-0.074067738402915
-0.072778519232302
-0.069694614955011
-0.065115380667998
-0.059344124286440
-0.052679456725917
-0.045407869944128
-0.037797533708677
-0.030093309502462
-0.022512985537783
-0.015244767824690
-0.008445735418868
-0.002241386923622
0.003273597061655
0.008035052536188
0.012006094472014
0.015175846066715
0.017556107797131
0.019178436289077
0.020090884056374
0.020354745990728
0.020041244299790
0.019228519615880
0.017998637194840
0.016434933436900
0.014619628470222
0.012631751656001
0.010545417343255
0.008428429429469
0.006341215918456
0.004336129612218
0.002456910028908
0.000738953833769
-0.000791453963037
-0.002115846623887
-0.003223577669326
-0.004111147381928
-0.004781359347878
-0.005242497250929
-0.005507455601917
-0.005592819638252
-0.005518000024501
-0.005304334989988
-0.004974321923809
-0.004550855323592
-0.004056569977983
-0.003513265159302
-0.002941417371381
-0.002359800316707
-0.001785181108412
-0.001232114170931
-0.000712797089635
-0.000237138516363
0.000187457460493
0.000555767275428
0.000864694276194
0.001113143237480
0.001301755092447
0.001432707584225
0.001509449600332
0.001536471643932
0.001519055655481
0.001463032776513
0.001374569308161
0.001259950287003
0.001125409125510
0.000976953281404
0.000820245919319
0.000660480424504
0.000502309320406
0.000349775171778
0.000206291126368
0.000074605969366
-0.000043177609604
-0.000145577998647
-0.000231713616842
-0.000301236597126
-0.000354289898565
-0.000391443371890
-0.000413618705979
-0.000422031847127
-0.000418119533968
-0.000403473774566
-0.000379784265682
-0.000348778429388
-0.000312168597630
-0.000271616272465
-0.000228679707734
-0.000184801598697
-0.000141268576965
-0.000099206842308
-0.000059567469635
-0.000023118069721
0.000009550062847
0.000038015595926
0.000062026365604
0.000081473961255
0.000096389754452
0.000106923058000
0.000113316505205
0.000115902475901
0.000115070136439
0.000111254717759
0.000104916468638
0.000096535493280
0.000086578394198
0.000075499860649
0.000063739888877
0.000051690424992
0.000039710455098
0.000028114489145
0.000017164221649
0.000007078062297
-0.000001981571525
-0.000009894753044
-0.000016583251881
-0.000022022844417
-0.000026214721976
-0.000029198595410
-0.000031038002085
-0.000031824674067
-0.000031663050898
-0.000030672662244
-0.000028979788615
-0.000026714284496
-0.000024008784136
-0.000020984405632
-0.000017761472866
-0.000014452764661
-0.000011158352362
-0.000007960437433
-0.000004936058929
-0.000002146768670
0.000000366928274
0.000002564526835
0.000004428554238
0.000005949479878
0.000007126509537
0.000007971556472
0.000008499313698
0.000008737181702
0.000008710972540
0.000008454837543
0.000008003722262
0.000007392175138
0.000006656730155
0.000005830744429
0.000004947972185
0.000004040579212
0.000003133583348
0.000002251605320
0.000001417677424
0.000000645698457
-0.000000050829891
-0.000000662377015
-0.000001181000745
-0.000001606303972
-0.000001935904045
-0.000002175757592
-0.000002327453048
-0.000002397741256
-0.000002396152822
-0.000002330629916
-0.000002209908925
-0.000002044711780
-0.000001845363302
-0.000001619408553
-0.000001378760789
-0.000001129376637
-0.000000879595376
-0.000000636962069
-0.000000406242018
-0.000000192994742
0.000000000397109
0.000000169565339
0.000000314907058
0.000000433245398
0.000000525771683
0.000000593280132
0.000000637359178
0.000000658008821
0.000000658803038
0.000000642124480
0.000000610355798
0.000000565482535
0.000000511872885
0.000000449526847
0.000000383606832
0.000000315304167
0.000000247795718
0.000000179493052
0.000000116749905
0.000000057183627
0.000000003573977
-0.000000043284829
-0.000000082995681
-0.000000117147014
-0.000000142959068
-0.000000161623168
-0.000000174330641
-0.000000180287269
-0.000000181478595
-0.000000176713292
-0.000000167976905
-0.000000156460758
-0.000000142164851
-0.000000124692076
-0.000000107616409
-0.000000087363875
-0.000000069493991
-0.000000051226999
-0.000000032960007
-0.000000017075666
-0.000000001985543
0.000000010721930
0.000000022238077
0.000000031371573
0.000000038519527
0.000000044079046
0.000000047653023
0.000000049638565
0.000000050035674
0.000000048050131
0.000000046858806
0.000000042887720
0.000000039710852
0.000000034151333
0.000000029783139
0.000000025017837
0.000000019061209
0.000000014693015
0.000000009530605
0.000000004765302
0.000000001191326
-0.000000003176868
-0.000000005162411
-0.000000008736387
-0.000000010721930
-0.000000011516147
-0.000000013104581
-0.000000013898798
-0.000000013104581
-0.000000013501690
-0.000000012707473
-0.000000011516147
-0.000000010721930
-0.000000010324822
-0.000000007942170
-0.000000007147953
-0.000000005162411
-0.000000004368194
-0.000000002779760
-0.000000001588434
-0.000000000000000
0.000000000397109
0.000000001191326
0.000000002779760
0.000000002382651
0.000000003573977
0.000000003573977
0.000000003176868
0.000000004368194
0.000000003176868
0.000000003971085
0.000000002779760
0.000000003176868
0.000000002779760
0.000000001985543
0.000000001985543
0.000000001985543
0.000000000794217
0.000000000794217
0.000000000397109
0.000000000397109
0.000000000000000
-0.000000000794217
-0.000000000397109
-0.000000000794217
-0.000000001191326
-0.000000000794217
-0.000000001191326
-0.000000000397109
-0.000000001191326
-0.000000001191326
-0.000000000794217
-0.000000000794217
-0.000000000397109
-0.000000001191326
0.000000000000000
-0.000000000794217
0.000000000000000
-0.000000000397109
-0.000000000397109
0.000000000397109
0.000000000000000
-0.000000000397109
0.000000000794217
0.000000000000000
-0.000000000000000
0.000000000000000
0.000000000397109
0.000000000397109
0.000000000397109
0.000000000000000
0.000000000397109
0.000000000397109
0.000000000000000
0.000000000000000
0.000000000397109
0.000000000000000
0.000000000397109
-0.000000000397109
0.000000000397109
0.000000000000000
-0.000000000397109
0.000000000397109
-0.000000000000000
-0.000000000397109
0.000000000397109
-0.000000000397109
0.000000000000000
0.000000000000000
-0.000000000397109
0.000000000397109
-0.000000000397109
0.000000000000000
0.000000000000000
0.000000000000000
0.000000000000000
-0.000000000397109
0.000000000397109
0.000000000000000
-0.000000000397109
0.000000000397109
-0.000000000397109
0.000000000397109
0.000000000000000
0.000000000000000
0.000000000000000
-0.000000000397109
0.000000000397109
-0.000000000397109
0.000000000397109
0.000000000000000
0.000000000000000
0.000000000000000
0.000000000000000
0.000000000000000
0.000000000000000
0.000000000000000
0.000000000000000
0.000000000397109
-0.000000000397109
0.000000000000000
0.000000000000000
0.000000000000000
0.000000000000000
0.000000000000000
0.000000000000000
0.000000000000000
0.000000000000000
0.000000000000000
0.000000000000000
0.000000000000000
0.000000000000000
0.000000000000000
0.000000000000000
0.000000000000000
0.000000000000000
0.000000000000000
0.000000000000000
0.000000000000000
0.000000000000000
0.000000000000000
0.000000000000000
0.000000000000000
0.000000000000000
0.000000000000000
0.000000000000000
0.000000000000000
0.000000000000000
0.000000000000000
0.000000000000000
0.000000000000000
0.000000000000000
0.000000000000000
0.000000000000000
0.000000000000000
0.000000000000000
0.000000000000000
0.000000000000000
0.000000000000000
0.000000000000000
0.000000000000000
0.000000000000000
0.000000000000000
0.000000000000000
0.000000000000000
0.000000000000000
0.000000000000000
0.000000000000000
0.000000000000000
0.000000000000000
0.000000000000000
0.000000000000000
0.000000000000000
0.000000000000000
0.000000000000000
0.000000000000000
0.000000000000000
0.000000000000000
0.000000000000000
0.000000000000000
0.000000000000000
0.000000000000000
0.000000000000000
0.000000000000000
0.000000000000000
0.000000000000000
0.000000000000000
0.000000000000000
0.000000000000000
0.000000000000000
0.000000000000000
0.000000000000000
0.000000000000000
0.000000000000000
0.000000000000000
0.000000000000000
0.000000000000000
0.000000000000000
0.000000000000000
0.000000000000000
0.000000000000000
0.000000000000000
0.000000000000000
0.000000000000000
0.000000000000000
0.000000000000000
0.000000000000000
0.000000000000000
0.000000000000000
0.000000000000000
0.000000000000000
0.000000000000000
0.000000000000000
0.000000000000000
0.000000000000000
0.000000000000000
0.000000000000000
0.000000000000000
0.000000000000000
0.000000000000000
0.000000000000000
0.000000000000000
0.000000000000000
0.000000000000000
0.000000000000000
0.000000000000000
0.000000000000000
0.000000000000000
0.000000000000000
0.000000000000000
0.000000000000000
0.000000000000000
0.000000000000000
0.000000000000000
0.000000000000000
0.000000000000000
0.000000000000000
0.000000000000000
0.000000000000000
0.000000000000000
0.000000000000000
0.000000000000000
0.000000000000000
0.000000000000000
0.000000000000000
0.000000000000000
0.000000000000000
0.000000000000000
0.000000000000000
0.000000000000000
0.000000000000000
0.000000000000000
0.000000000000000
0.000000000000000
0.000000000000000
0.000000000000000
0.000000000000000
0.000000000000000
0.000000000000000
0.000000000000000
0.000000000000000
0.000000000000000
0.000000000000000
0.000000000000000
0.000000000000000
0.000000000000000
0.000000000000000
0.000000000000000
0.000000000000000
0.000000000000000
0.000000000000000
0.000000000000000
0.000000000000000
0.000000000000000
0.000000000000000
0.000000000000000
0.000000000000000
0.000000000000000
0.000000000000000
0.000000000000000
0.000000000000000
0.000000000000000
0.000000000000000
0.000000000000000
0.000000000000000
0.000000000000000
0.000000000000000
0.000000000000000
0.000000000000000
0.000000000000000
0.000000000000000
0.000000000000000
0.000000000000000
0.000000000000000
0.000000000000000
0.000000000000000
0.000000000000000
0.000000000000000
0.000000000000000
0.000000000000000
0.000000000000000
0.000000000000000
0.000000000000000
0.000000000000000
0.000000000000000
0.000000000000000
0.000000000000000
0.000000000000000
0.000000000000000
0.000000000000000
0.000000000000000
0.000000000000000
0.000000000000000
0.000000000000000
0.000000000000000
0.000000000000000
0.000000000000000
0.000000000000000
0.000000000000000
0.000000000000000
0.000000000000000
0.000000000000000
0.000000000000000
0.000000000000000
0.000000000000000
0.000000000000000
0.000000000000000
0.000000000000000
0.000000000000000
0.000000000000000
0.000000000000000
0.000000000000000
0.000000000000000
0.000000000000000
0.000000000000000
0.000000000000000
0.000000000000000
0.000000000000000
0.000000000000000
0.000000000000000
0.000000000000000
0.000000000000000
0.000000000000000
0.000000000000000
0.000000000000000
0.000000000000000
0.000000000000000
0.000000000000000
0.000000000000000
0.000000000000000
0.000000000000000
0.000000000000000
0.000000000000000
0.000000000000000
0.000000000000000
0.000000000000000
0.000000000000000
0.000000000000000
0.000000000000000
0.000000000000000
0.000000000000000
0.000000000000000
0.000000000000000
0.000000000000000
0.000000000000000
0.000000000000000
0.000000000000000
0.000000000000000
0.000000000000000
0.000000000000000
0.000000000000000
0.000000000000000
0.000000000000000
0.000000000000000
0.000000000000000
0.000000000000000
0.000000000000000
0.000000000000000
0.000000000000000
0.000000000000000
0.000000000000000
0.000000000000000
0.000000000000000
0.000000000000000
0.000000000000000
0.000000000000000
0.000000000000000
0.000000000000000
0.000000000000000
0.000000000000000
0.000000000000000
0.000000000000000
0.000000000000000
0.000000000000000
0.000000000000000
0.000000000000000
0.000000000000000
0.000000000000000
0.000000000000000
0.000000000000000
0.000000000000000
0.000000000000000
0.000000000000000
0.000000000000000
0.000000000000000
0.000000000000000
0.000000000000000
0.000000000000000
0.000000000000000
0.000000000000000
0.000000000000000
0.000000000000000
0.000000000000000
0.000000000000000
0.000000000000000
0.000000000000000
0.000000000000000
0.000000000000000
0.000000000000000
0.000000000000000
0.000000000000000
0.000000000000000
0.000000000000000
0.000000000000000
0.000000000000000
0.000000000000000
0.000000000000000
0.000000000000000
0.000000000000000
0.000000000000000
0.000000000000000
0.000000000000000
0.000000000000000
0.000000000000000
0.000000000000000
0.000000000000000
0.000000000000000
0.000000000000000
0.000000000000000
0.000000000000000
0.000000000000000
0.000000000000000
0.000000000000000
0.000000000000000
0.000000000000000
0.000000000000000
0.000000000000000
0.000000000000000
0.000000000000000
0.000000000000000
0.000000000000000
0.000000000000000
0.000000000000000
0.000000000000000
0.000000000000000
0.000000000000000
0.000000000000000
0.000000000000000
0.000000000000000
0.000000000000000
0.000000000000000
0.000000000000000
0.000000000000000
0.000000000000000
0.000000000000000
0.000000000000000
0.000000000000000
0.000000000000000
0.000000000000000
0.000000000000000
0.000000000000000
0.000000000000000
0.000000000000000
0.000000000000000
0.000000000000000
0.000000000000000
0.000000000000000
0.000000000000000
0.000000000000000
0.000000000000000
0.000000000000000
0.000000000000000
0.000000000000000
0.000000000000000
0.000000000000000
0.000000000000000
0.000000000000000
0.000000000000000
0.000000000000000
0.000000000000000
0.000000000000000
0.000000000000000
0.000000000000000
0.000000000000000
0.000000000000000
0.000000000000000
0.000000000000000
0.000000000000000
0.000000000000000
0.000000000000000
0.000000000000000
0.000000000000000
0.000000000000000
0.000000000000000
0.000000000000000
0.000000000000000
0.000000000000000
0.000000000000000
0.000000000000000
0.000000000000000
0.000000000000000
0.000000000000000
0.000000000000000
0.000000000000000
0.000000000000000
0.000000000000000
0.000000000000000
0.000000000000000
0.000000000000000
0.000000000000000
0.000000000000000
0.000000000000000
0.000000000000000
0.000000000000000
0.000000000000000
0.000000000000000
0.000000000000000
0.000000000000000
0.000000000000000
0.000000000000000
0.000000000000000
0.000000000000000
0.000000000000000
0.000000000000000
0.000000000000000
0.000000000000000
0.000000000000000
0.000000000000000
0.000000000000000
0.000000000000000
0.000000000000000
0.000000000000000
0.000000000000000
0.000000000000000
0.000000000000000
0.000000000000000
0.000000000000000
0.000000000000000
0.000000000000000
0.000000000000000
